0631898138
0637036183
0988380652
0931571837
0688171967
0968388698; 0968388698; 0968388698
0991444636
0689039360
0507170697
0986113947
0959123283
0932127186
0950260661
0508727972
0933015517
0684575817
0661704189
0958244383
093203985
0964422177
0933468489
0933468487
0932159620
0953501856
0997384002
0634424289
0999551246
0633101309
0508796364
0975841538
0683315163
0986201965
0992180363; 0970177554
0508796202
0980265156
0991431169
0508796177
0664885496
0933468367
0953385568
068331516
0660605092
0686962081
0944966921
0932319769
0957438265
0990275751
0933468370
0944992736
0958437359
0953748871
0931374793
0685709018
0505630451
0991312522
0505928416
0972674381
0982157166
0632509462
0502220507
0962558010
093215962
0990086895
0680874909
0953634358
0951437028
0932556319
0958370314
0969346505
0633967873
0964831439
0935789178
0931039156
0977644251
0953921970
0932386207
0932440781
0964819252
0968805688; 0968805688; 0968805688
0951557206
0953139884
0983752239
0995696004
0996735505
0664026544
0932271657
0991664217
0933381354
0686561557
0505697835
0635955104
0990092834
0500514151
0633567999
0931615478
0994377491
0995474968
0930864867
0932153786
0509237159
0954674829
0661255359
0678064806
0933475653
0632509518
0509562320
0990910778
0953771038
0987547988
0665034796
0971343406
0687676482
0999759233
0981067641
0501851942
0660895984
0953767553
0637260124
0666275600
0662610649
0734361500